[org/gtk/settings/file-chooser]
window-position=(238, 39)
window-size=(1124, 822)
date-format='regular'
location-mode='path-bar'
show-hidden=false
show-size-column=true
show-type-column=true
sidebar-width=173
sort-column='name'
sort-directories-first=false
sort-order='descending'
type-format='category'

[org/gtk/settings/color-chooser]
selected-color=(true, 0.17254901960784313, 0.19607843137254904, 0.23137254901960785, 1.0)
custom-colors=[(0.17254901960784313, 0.19607843137254904, 0.23137254901960785, 1.0), (0.91764705882352937, 0.91764705882352937, 0.91764705882352937, 1.0), (0.66666666666666663, 0.66666666666666663, 0.66666666666666663, 1.0), (0.83529411764705885, 0.30588235294117649, 0.32549019607843138, 1.0), (0.83529411764705885, 0.30588235294117655, 0.32549019607843155, 1.0), (0.80000000000000004, 0.0, 0.0, 1.0), (0.14117647058823529, 0.16470588235294117, 0.19607843137254902, 1.0), (0.14117647058823529, 0.1647058823529412, 0.19607843137254902, 1.0)]
