225
195
231
232
196
213
212
214
232
212
213
217
217
211
218
226
202
211
246
236
209
213
193
216
226
223
197
210
220
202
214
219
228
213
224
209
209
217
218
209
207
241
199
234
206
215
215
230
225
228
241
226
229
208
227
211
204
223
217
212
206
209
237
211
238
206
211
228
216
228
220
214
209
229
210
211
221
231
229
223
207
224
214
218
223
200
199
231
221
216
209
212
229
222
220
223
203
198
213
209
215
210
199
220
237
234
213
211
224
212
219
232
222
224
201
193
218
232
205
207
216
205
209
228
237
242
216
212
243
221
226
226
215
228
213
213
232
205
225
219
227
228
197
204
201
238
222
233
217
224
227
228
243
214
230
219
192
234
205
214
214
220
227
203
200
213
189
222
224
194
214
217
218
224
217
214
220
199
233
226
195
241
217
222
214
202
223
217
225
224
236
217
230
206
214
216
211
209
212
225
224
222
211
220
231
222
210
198
216
216
212
219
208
213
230
228
239
232
219
219
234
216
221
222
220
216
207
230
214
218
239
200
206
223
216
212
209
215
225
217
221
217
203
221
211
